
Matrice generata:
[ 8.00 3.00 7.00 6.00 ]
[ 9.00 8.00 5.00 2.00 ]
[ 9.00 7.00 8.00 6.00 ]
[ 4.00 8.00 4.00 4.00 ]

Matrice generata:
[ 8.00 9.00 9.00 4.00 ]
[ 3.00 8.00 7.00 8.00 ]
[ 7.00 5.00 8.00 4.00 ]
[ 6.00 2.00 6.00 4.00 ]
